rect 1553 4367 6897 2239 3278 2712 3094 3553 3062
rect 4927 1919 5815 1588 1335 3807 1820 1597 3872
rect 1709 2134 6230 1698 2149 3229 2194 2652 3468
rect 4797 3056 5660 1579 1532 1875 1934 1794 2034
rect 3910 2236 6445 2759 2423 2809 2926 2998 3151
rect 3096 1755 5025 2387 1110 2148 2511 1428 2303
rect 1356 3943 6682 1936 2620 2293 2697 2869 2517
rect 3047 5173 5490 1799 3493 3198 1923 3660 3351
rect 3311 5294 5654 3241 2575 3381 3440 2992 3689
rect 2934 4051 4144 2567 1958 2410 2783 2389 2727
rect 3405 3113 5523 3529 2292 2078 3840 2663 2361
rect 4780 4289 6335 1948 2845 3577 2324 3144 3805
rect 3266 5039 5368 2242 2420 2047 2332 2608 2301
rect 3407 4028 5687 2821 2593 2199 2996 2818 2491
rect 742 6828 6359 643 1881 1567 1460 2241 1824
rect 3721 4650 5649 2439 3171 3289 2543 3387 3556
rect 6025 1591 4812 2548 1128 2334 3109 1558 2596
rect 1559 5163 4737 662 2312 2235 1296 2679 2619
rect 5955 5542 4841 2208 3179 1868 2809 3346 2138
rect 5870 4184 5073 3287 2849 2458 3691 3143 2752
rect 2138 2668 5303 2279 3243 3656 2681 3789 3922
rect 2255 2768 5753 1997 1967 1857 2352 2258 2176
rect 6834 2098 7560 555 1530 2483 922 2079 2927
rect 4328 1573 4925 3293 1629 1728 3445 2178 1984
rect 3147 3584 5143 2431 2422 2112 2541 2734 2399
rect 4749 1360 5984 2170 952 2775 2596 1194 2972
rect 3980 4768 6178 2836 2983 2342 3007 3210 2620
rect 1004 7725 2397 1883 3113 2698 2960 3937 3334
rect 2204 3631 4774 1911 2502 2703 2248 2979 3015
rect 3983 3583 4572 3033 2095 3071 3199 2410 3266
rect 2908 3679 3790 1840 2566 2584 2102 2841 2865
rect 4409 5734 2393 2133 2322 1409 2320 2583 1885
rect 3175 3268 5978 3428 2572 2342 3786 2886 2661
rect 3993 2829 5567 3079 2173 2938 3341 2556 3190
rect 2701 2573 4450 2265 2080 3168 2606 2541 3436
rect 5588 1385 6284 1255 1218 3180 1845 1708 3369
rect 3948 2441 7278 2302 1691 2561 2391 2306 3058
rect 3929 5184 5270 2574 3889 3157 2742 4056 3392
rect 1328 5334 4214 2099 2759 2825 3077 3167 3095
rect 4845 2068 6402 2494 1834 2277 2761 2409 2671
rect 3299 2882 6193 2403 2460 3196 2544 2986 3461
rect 4122 2446 5717 2209 2000 1776 2367 2395 2101
rect 877 8082 3693 1519 2237 3022 2576 2862 3343
rect 2321 2256 6073 1917 1439 2288 2206 1668 2554
rect 2306 4491 6978 2587 2334 2991 2960 2676 3457
rect 3890 2789 4479 3019 1969 2698 3273 2434 3082
rect 6075 1539 6025 3134 1454 2148 3522 1960 2488
rect 3489 3392 4656 2400 2502 2906 2588 2987 3209
rect 1612 1057 5222 2367 1197 3337 3042 1638 3594
rect 1194 5645 5580 1241 1894 2640 2110 2191 2910
rect 4462 7329 3180 2735 2907 2273 2936 3368 2603
rect 3727 4100 4623 2165 2228 3546 2346 2619 3681
rect 4047 5253 5537 3549 2489 2498 3800 2761 2761
rect 2625 3294 4957 3217 2609 3045 3721 3092 3353
rect 4429 1428 6928 2307 1470 3208 2703 2188 3519
rect 3952 2395 5877 2606 1864 2719 2807 2028 2909
rect 1301 5226 7082 1954 1832 2912 3046 2186 3221
rect 1162 2027 5971 1327 1725 2543 2100 2093 2856
rect 3879 863 5379 3097 1190 2838 3286 1596 3158
rect 4478 1304 5534 2742 1078 1885 2993 1421 2061
rect 2828 2310 6135 2481 2073 2417 2671 2726 2760
rect 2360 4768 2538 3163 4024 2353 3587 4221 2956
rect 964 6524 4728 1506 2468 2029 2513 2889 2401
rect 1484 4518 4751 942 2870 2733 1547 3191 3049
rect 2780 2325 6429 2517 2880 3432 2752 3376 3814
rect 1758 389 7109 2045 644 2889 2430 959 2989
rect 2245 3247 2410 1892 2761 2600 2124 3185 3154
rect 4410 5120 3084 2083 1878 1252 2237 2103 1651
rect 3686 4688 6225 2751 3039 2590 2965 3253 2864
rect 3982 4066 5905 2907 2774 2631 3042 3062 2984
rect 3888 2643 6164 3203 2343 2873 3391 2762 3074
rect 3249 3994 6572 2273 2815 2456 2433 3177 2859
rect 3591 4332 2290 3121 2253 2018 3224 2609 2633
rect 3630 2058 5056 3048 2282 3405 3272 2738 3672
rect 3589 2680 6596 2934 1607 3075 3113 2084 3272
rect 1121 3820 2883 1936 3444 3129 2825 3747 3515
rect 3149 2308 4283 2791 1712 2343 2999 2280 2616
rect 3324 1462 5355 2575 1301 2274 2742 1834 2475
rect 3663 1688 5512 2819 1586 2697 2977 2125 2880
rect 1195 4036 5080 785 2727 3124 1586 3034 3298
rect 4017 1897 5074 2592 1863 3205 2821 2503 3452
rect 2499 2183 6729 3111 1312 2038 3608 1512 2410
rect 3349 3531 5784 2438 3096 2741 2773 3322 2982
rect 3751 3613 5328 2731 2854 3578 2938 3357 3786
rect 3381 2682 5815 2658 1863 2372 2956 2172 2752
rect 3756 4465 2454 3454 2659 2186 3690 3039 2676
rect 2516 1304 3211 2558 1540 3608 2781 2080 4011
rect 5160 3566 5998 1977 2111 2833 2400 2254 3057
rect 3065 3613 5279 2498 2569 2436 2841 2954 2658
rect 4050 2911 6029 2614 2607 2328 2818 2842 2606
rect 2503 4668 6442 2481 2338 2899 2736 2564 3224
rect 3312 2528 6074 2939 1624 2448 3065 2105 2717
rect 2541 3443 4897 2292 2907 2125 2602 3285 2515
rect 1444 4833 5409 1250 1866 2029 2122 2339 2399
rect 3537 6287 5233 2573 2845 3131 2814 3227 3355
rect 1911 4658 5040 1541 3184 2651 2212 3422 2975
rect 3434 2639 6355 2680 1494 2240 2836 1736 2532
rect 1827 3699 3119 1867 2304 2701 2558 2591 3182
rect 2740 4000 6479 2157 2425 3163 2345 2861 3396
rect 2876 2717 4368 3403 1406 1858 3760 1552 2077
rect 3891 2181 5688 1943 2003 1918 2038 2165 2267
rect 1459 3792 4853 1331 2465 2865 1906 2736 3134
rect 3613 1744 5196 2608 1634 3267 2764 2121 3435
rect 3930 4072 5512 3004 2896 3368 3209 3239 3525
rect 3007 3616 4218 2536 2697 1847 2919 2989 2123
rect 4191 3778 5774 2722 1557 1966 2831 1843 2290
rect 3244 2939 6358 2419 2587 3140 2584 3101 3377
rect 5868 2447 7437 897 1577 2614 1437 2219 3015
rect 3242 2448 6904 2289 2587 3207 2587 3238 3500
rect 1847 1818 4587 2880 1404 2554 3660 1635 3008
rect 4292 3060 6159 2054 2119 3151 2265 2561 3360
rect 3697 2024 5441 2352 1509 1488 2506 1694 1704
rect 4226 3603 5703 2569 2917 2866 2646 3213 3003
rect 3615 3118 5383 2342 1729 2264 2370 2030 2573
rect 4429 3641 5754 2094 2305 2592 2364 2545 2844
rect 1142 8570 3734 1180 1772 3535 2132 2440 3806
rect 4738 3252 5718 1683 1607 1740 1908 1808 2005
rect 4404 2571 6229 2709 2568 1903 2984 2698 2299
rect 4220 2789 5011 3040 2531 2981 3217 3122 3235
rect 2394 3405 4340 2341 2381 2549 2737 2745 2887
rect 2479 4227 6541 2242 2502 2999 2590 2805 3231
rect 4207 1577 5315 2210 1425 3474 2444 1983 3634
rect 3555 1029 4878 2833 1122 2985 3078 1562 3338
rect 3035 3055 5870 2546 2382 3073 2703 2673 3271
rect 1296 2712 5062 2018 2004 2375 2873 2655 2770
rect 5454 7442 2899 2374 1533 2381 2772 2071 3001
rect 2893 3610 2515 2803 1931 2342 3237 2223 2987
rect 3211 4019 5203 2730 2474 2111 2881 2659 2433
rect 2933 2029 5850 2203 1959 2675 2597 2402 2988
rect 2834 1883 5243 2022 1381 2120 2213 1990 2434
rect 2644 1642 5576 2292 2334 3323 2643 2965 3544
rect 2067 2080 4866 1940 1415 2971 2347 1651 3239
rect 4467 2624 4294 2776 2286 2642 3012 2621 2896
rect 2452 2378 6955 3190 2025 1881 3729 2394 2193
rect 4006 1160 7751 1831 768 2256 1918 1377 2563
rect 2163 2299 6952 2467 2042 2541 2952 2457 2859
rect 2144 3729 5585 2510 2650 2762 2830 2938 3127
rect 2854 1723 5806 2295 1425 2415 2573 1695 2771
rect 3803 1561 5900 2109 1472 1670 2389 2119 2044
rect 3992 2437 6210 2446 2528 3179 2737 3084 3443
rect 3747 2312 2502 2525 1862 1955 2734 2149 2616
rect 3035 2623 6035 2492 2326 2590 2679 2804 2889
rect 2516 3977 6229 2056 2562 2678 2401 2899 2962
rect 3508 1798 3903 2158 1573 2917 2455 2159 3207
rect 5054 5150 4481 1485 2489 1964 1704 2804 2341
rect 2241 3002 5296 1990 1660 2159 2309 1847 2443
rect 3751 1908 5647 2481 1905 3070 2630 2446 3268
rect 5299 1320 5312 3040 788 2305 3358 1039 2708
rect 2717 3403 5953 2006 2136 2868 2373 2418 3059
rect 1312 5437 3884 1506 1997 2205 2214 2484 2562
rect 2539 2916 5375 3349 2310 2258 3932 2740 2568
rect 3246 1729 6690 2431 1188 2041 2556 1338 2368
rect 3178 2849 5987 2350 1955 1896 2471 2111 2248
rect 4774 2006 5605 2667 1620 1729 3019 2300 2065
rect 0 0 5401 0 0 2728 0 0 3041
rect 3964 2929 6492 2824 1771 2839 2936 2187 3082
rect 3590 3176 6367 2592 2145 3144 2761 2523 3334
rect 3847 895 5815 2292 714 2321 2483 900 2575
rect 2811 3688 5548 2231 2409 3037 2397 2782 3242
rect 3561 5184 7058 2233 2605 2735 2325 2895 3109
rect 3565 4398 6193 2528 3017 3116 2765 3350 3339
rect 3218 6795 5120 3672 2212 3672 3889 2599 3836
rect 3313 1897 5891 1933 1635 2341 1998 2282 2606
rect 2617 3144 5196 2349 2379 2916 2800 2585 3138
rect 1187 6801 4441 1152 3569 3419 2010 3818 3632
rect 3554 2508 3969 1882 1955 2219 2007 2324 2614
rect 3369 3809 3779 2064 2610 2851 2352 3047 3266
rect 4845 4085 5595 2522 2459 3191 2901 2746 3457
rect 4450 1403 4137 1773 1058 3192 2008 1591 3510
rect 2146 3207 5299 2517 2476 2080 3039 2777 2370
rect 3552 2592 5927 2659 2273 2981 2865 2602 3213
rect 4283 1537 6810 2384 1870 3114 2675 2489 3410
rect 835 8637 4527 1046 1544 1959 2069 2127 2373
rect 3588 4212 6704 3009 2431 2436 3238 2778 2872
rect 3483 2150 6276 2931 1831 2786 3128 2512 3127
rect 3811 4690 4796 2481 2626 2644 2620 2863 2927
rect 3890 3855 6565 2828 1706 2747 2987 2109 3102
rect 3359 3168 5172 2364 2482 2426 2475 2730 2596
rect 1741 5378 6687 2406 2308 2101 2885 2580 2608
rect 3392 2923 5361 2369 2239 3094 2559 2602 3273
rect 2597 3116 6025 2360 2232 2887 2622 2501 3098
rect 2456 3127 5034 2569 2264 2802 2867 2913 3045
rect 2864 2515 6374 2501 1861 2746 2822 2232 2973
rect 2974 4047 5493 2850 2143 3294 3208 2489 3518
rect 4388 3033 6163 3262 2570 2148 3448 2835 2444
rect 3558 4250 4738 2185 1885 2959 2390 2253 3131
rect 3408 3045 6120 3135 950 1849 3324 1218 2143
rect 3418 1655 5446 2039 913 1648 2229 1115 1797
rect 2977 4473 5562 4081 2237 1959 4506 2603 2318
rect 3485 1763 5999 2647 1350 2290 2780 1634 2621
rect 3933 4375 5969 2515 2104 1960 2599 2504 2401
rect 2790 4113 5611 2227 2380 2334 2629 2595 2645
rect 2471 4079 5528 1651 2313 2106 1995 2607 2334
rect 3067 4130 3987 3041 3371 3024 3420 3682 3234
rect 2231 2385 5560 1531 2024 2817 1902 2556 3071
rect 4976 1758 6151 2902 2113 3169 3256 2692 3408
rect 1603 2112 6334 1231 2148 2536 1872 2760 2896
rect 3846 2093 5197 3188 2580 3071 3390 3027 3248
rect 3796 5055 5374 2535 3232 3086 2755 3428 3323
rect 4012 3883 4111 2644 2664 2047 2867 2948 2418
rect 4016 2553 5957 2314 2112 3112 2509 2414 3275
rect 3370 1974 5834 2031 1130 2029 2104 1363 2382
rect 1720 1590 5187 2233 1821 3542 2976 2556 3759
rect 4523 2154 3974 2883 2511 2129 3097 3016 2579
rect 4530 1069 5680 4058 793 2628 4190 946 2863
rect 4479 2809 4309 1964 1926 2105 2229 2216 2289
rect 3102 4601 6449 2392 2568 1961 2421 2830 2297
rect 1693 5981 3854 2082 2991 2655 2838 3441 3195
rect 4826 3328 4206 3040 1949 3431 3249 2399 3786
rect 3745 2015 6169 2943 2376 2261 3180 3014 2572
rect 1148 1336 5130 1749 2332 2831 2686 3392 3228
rect 3352 3823 4828 1862 2351 2661 2040 2623 2915
rect 4991 2729 5829 2196 1576 3117 2477 2200 3342
rect 3687 4100 4118 3417 2000 2687 3636 2481 2925
rect 3915 1345 7075 1850 952 2420 2009 1135 2679
rect 1516 6856 4597 2183 2959 2952 3112 3421 3270
rect 4557 1653 5981 3390 1315 2696 3689 1487 2952
rect 2702 1449 6056 2313 940 2856 2548 1105 3058
rect 3919 3906 6283 2395 2385 1714 2542 2492 2097
rect 3940 3630 5814 1705 3216 1874 1831 3438 2194
rect 1104 5682 4019 1319 2646 2808 2211 3020 3194
rect 2765 7646 3828 3142 3058 3960 3527 3726 4151
rect 1919 3431 6068 1914 2158 1750 2393 2638 2094
rect 4100 3730 4806 2606 2589 2335 2866 3014 2599
rect 5249 4983 7301 1739 2347 1567 2212 2644 1840
rect 3512 5237 5931 2759 3204 2634 2883 3460 2890
rect 2825 2788 5746 2278 2562 2521 2494 3109 2779
rect 3094 544 5025 2173 407 3162 2367 483 3391
rect 944 4366 7085 447 1568 1582 1129 1871 1866
rect 4792 3320 6623 2981 1848 2988 3219 2136 3199
rect 1679 1956 6160 2605 2541 2851 3498 2859 3094
rect 1011 3772 2656 1280 3317 3236 2078 3622 3615
rect 4828 5449 5280 2198 1827 1650 2560 2272 2051
rect 5383 2510 5541 3370 2390 3305 3727 2910 3537
rect 3268 2620 4176 2288 2211 2934 2467 2652 3210
rect 3764 1997 7056 2889 2438 3486 3035 3169 3836
rect 2710 1931 6862 2442 1371 2522 2742 1749 2821
rect 4151 4086 6237 2672 2037 2948 2792 2285 3184
rect 4226 4209 5644 2828 2934 3358 3168 3272 3584
rect 2862 2632 6042 3569 2240 2824 4047 2505 3046
rect 4943 1582 5515 2918 1331 2892 3343 1722 3197
rect 2917 5476 4393 2828 2659 2450 3132 3013 2757
rect 2991 5229 6544 2602 3016 2872 2879 3296 3198
rect 0 0 2770 0 0 2773 0 0 3178
rect 2390 1955 5218 2352 1490 2147 2777 2024 2404
rect 2374 4157 6273 2238 1994 2474 2662 2312 2818
rect 3401 4576 5664 1850 2224 2780 1996 2626 3049
rect 2075 2876 5913 2260 1892 2401 2677 2432 2734
rect 2484 3407 5934 1696 2366 2574 2172 2650 2918
rect 5744 2844 6966 1036 1264 2245 1564 1387 2644
rect 3389 865 5835 3340 1001 2994 3514 1416 3257
rect 4457 3622 6304 1890 2658 3482 2186 3091 3604
rect 4364 2203 6703 2235 1718 3193 2547 2422 3435
rect 4721 5207 7044 4289 2853 2587 4373 3150 2888
rect 3838 2268 7417 2329 1865 2914 2535 2142 3321
rect 1131 4543 6178 605 1937 2458 1336 2287 2750
rect 5499 4427 7066 2004 2491 2528 2531 2640 2795
rect 3158 3333 6355 3425 1979 2742 3696 2327 2976
rect 3948 1142 5867 2176 1025 3074 2311 1275 3205
rect 3558 3316 6744 1933 2943 2988 2023 3352 3297
rect 5707 3014 6342 3418 2500 3032 3743 2928 3298
rect 3405 2462 4863 3142 2039 2879 3385 2607 3174
rect 2803 1165 4254 2619 1629 2795 2783 2366 3105
rect 4517 3149 4212 3360 2899 3673 3606 3357 3960
rect 4471 1649 4924 2175 1658 3070 2404 2172 3308
rect 2732 2766 7059 2838 2255 2186 3005 2499 2513
rect 3277 3901 6176 2115 2632 2220 2261 2971 2570
rect 2930 2043 4768 2644 2588 3029 2919 3079 3176
rect 3701 3207 5578 2252 1809 2620 2428 2125 2849
rect 4973 1889 5329 2025 1699 3296 2342 2061 3461
rect 3967 1864 5463 2167 1685 2945 2343 2222 3232
rect 3046 909 4973 2766 1229 2807 3044 1889 3142
rect 5894 923 6681 2056 737 3002 2576 961 3089
rect 2766 3798 7973 3089 3623 2551 3471 3755 3190
rect 3239 1593 4858 3273 1348 2600 3489 1802 2932
rect 3140 4186 3417 2302 2081 2576 2395 2547 2736
rect 4212 2490 7853 3115 1170 2340 3395 1298 2633
rect 4387 2188 5965 2328 1825 1932 2568 2020 2199
rect 3313 3335 5444 3041 2440 1726 3215 2821 2069
rect 3390 857 6047 2611 1097 2638 2852 1778 3063
rect 4782 952 7493 3425 878 2025 3620 1193 2162
rect 5545 1019 6035 3051 901 2243 3414 1246 2385
rect 3712 3320 5831 2799 2181 1841 2908 2439 2156
rect 2918 3774 3143 3384 2706 2059 3749 3016 2472
rect 3794 2197 4005 2478 2001 2541 2634 2545 2786
rect 3866 1107 4730 2745 1014 3254 2974 1365 3572
rect 1739 2825 5049 2205 2367 2892 2965 2890 3185
rect 6709 6724 5365 3455 1852 3118 3960 2140 3361
rect 3994 2195 4615 3107 2151 3030 3360 2697 3260
rect 2988 4502 2137 2912 2730 2388 3203 3133 2905
rect 3413 1985 5409 2000 2297 2174 2107 2880 2416
rect 2733 2707 4206 2219 1657 1884 2448 2030 2115
rect 2891 4649 4789 2573 2248 2244 2726 2567 2577
rect 3580 4549 4907 2128 2186 2862 2201 2478 3094
rect 3105 2461 5229 2328 1359 3218 2531 1682 3502
rect 1259 4480 6974 618 3062 2698 1100 3291 2925
rect 3771 2081 6599 2599 2305 2927 2751 2738 3206
rect 5053 2442 6340 961 1239 3229 1359 1494 3358
rect 1108 6151 1747 1717 4094 2827 2662 4399 3497
rect 2756 4493 5280 2388 2655 2810 2758 2932 3051
rect 4455 2630 5955 1866 2528 3232 2073 3090 3437
rect 773 1605 6870 1595 1942 3022 2598 2497 3272
rect 2904 1220 5993 2665 902 2063 2920 1500 2329
rect 4406 3338 5796 2161 2081 3087 2391 2348 3300
rect 2418 2852 5645 1880 1871 2436 2143 2215 2760
rect 5702 1535 5788 1706 1337 2138 2390 1859 2499
rect 2323 4299 4552 2439 3690 3527 3060 3936 3735
rect 4256 1912 6201 2484 1845 2659 2655 2403 2876
rect 4081 3457 7275 2757 2858 3121 2896 3208 3613
rect 2875 2175 5605 1883 1527 3305 2125 2179 3470
rect 3483 4604 4807 2327 2117 3187 2391 2395 3406
rect 1394 3489 5394 286 2281 1956 723 2671 2179
rect 1504 5754 5423 1788 2809 2671 2618 3105 2960
rect 3387 2422 4778 2089 1710 3208 2276 2180 3454
rect 3115 2342 5537 2080 1652 3076 2394 2152 3281
rect 2804 4270 4398 3148 2968 3500 3603 3302 3733
rect 3727 2953 6410 3109 2481 2608 3423 3075 2984
rect 3314 2483 5183 2568 2162 2664 2885 2710 2929
rect 2657 967 6713 2799 995 2578 3111 1376 2797
rect 3706 3621 7073 2388 2022 1995 2459 2615 2531
rect 5511 1502 5735 2481 1639 3691 2944 2037 3879
rect 4226 4209 5644 2828 2934 3358 3168 3272 3584
rect 2626 2052 5281 2611 1787 1576 3052 2140 1909
rect 3997 1475 3676 3249 2061 3205 3370 2856 3534
rect 1673 6108 5346 2469 2160 2320 3321 2475 2659
rect 5007 2563 6368 2299 2091 2787 2696 2378 3000
rect 2887 4294 6613 2650 1697 2294 2776 2137 2634
rect 3106 2693 4702 2726 2014 2723 3026 2474 2994
rect 4102 2181 6107 2467 1856 2584 2559 2485 2847
rect 2194 2589 4979 2634 1884 2560 3294 2372 2933
rect 4330 5064 5041 4263 1857 2359 4378 2107 2635
rect 3316 2895 7029 2507 2076 1650 2546 2158 2086
rect 2700 2837 4770 2030 1839 1744 2306 2174 2019
rect 2772 1840 6455 2165 2371 2947 2504 3033 3196
rect 3872 2617 6878 2122 2639 2872 2267 2981 3244
rect 4163 1117 6540 3130 1453 2355 3221 2231 2652
rect 3279 4151 6380 2519 1283 1708 2592 1556 2040
rect 2813 3867 5940 2403 2676 2770 2585 2982 3026
rect 3566 2246 5505 2761 2248 2873 2859 2659 3075
rect 3871 1435 5531 2579 1444 2986 2780 1945 3270
rect 1756 855 6467 2239 1145 3166 2815 1455 3354
rect 1622 2788 5364 1877 2779 2866 2532 3173 3231
rect 2297 4966 5168 2381 2190 2539 2822 2531 2833
rect 4583 4244 5179 2399 2233 3120 2675 2645 3303
rect 2443 3348 5189 2027 2648 2982 2312 3218 3258
rect 2995 2899 6104 2516 2475 2958 2790 3062 3288
rect 3669 4091 4741 2590 1909 2187 2659 2166 2478
rect 2766 1418 6249 2272 1919 2895 2469 2485 3162
rect 2394 4300 5275 1810 2415 1717 2409 2746 2006
rect 3094 2540 4065 2155 2462 2192 2289 3007 2560
rect 1965 4139 5405 1176 2073 2816 1627 2384 3074
rect 3401 2675 5280 3934 2355 2993 4197 2957 3318
rect 3925 1953 6497 2786 2209 2688 3058 2726 2832
rect 1469 4590 4816 1831 2639 2373 2635 2925 2716
rect 3550 4858 5243 2297 2321 1505 2332 2616 1814
rect 3951 4308 6787 2845 2430 2142 2927 2649 2496
rect 3702 3370 5377 2629 1705 2516 2734 2082 2804
rect 3135 2902 6603 2416 1711 2235 2503 2283 2773
rect 2399 4570 6685 2236 1238 2299 2446 1579 2520
rect 3996 3085 5665 2343 2229 2610 2530 2799 2777
rect 4686 4844 4616 2565 2841 3336 2842 3157 3502
rect 4304 1716 6243 2415 1794 2933 2749 2251 3157
rect 3139 2512 6026 3001 2192 3216 3175 2517 3359
rect 3914 4739 5962 1979 3215 2595 2113 3352 2875
rect 3936 1733 5113 2142 1640 3080 2460 2290 3372
rect 4265 2959 5489 2424 1741 2936 2605 1971 3091
rect 2316 2738 4383 3078 1346 1807 3591 1559 2024
rect 1940 8079 6788 2881 2148 2300 3635 2640 2643
rect 3153 1839 5793 2585 1229 2991 2796 1582 3286
rect 3800 1769 5873 2847 2206 2576 3082 2904 2888
rect 3426 2116 6000 2281 1551 2413 2460 2040 2696
rect 4196 2476 5226 2228 2498 2306 2467 3162 2657
rect 2909 4970 5397 2111 2770 1910 2228 3070 2184
rect 2328 2556 6392 2146 1924 2311 2477 2174 2543
rect 3787 3964 6424 2639 2775 2246 2821 2955 2693
rect 3808 3263 5925 2680 1823 3039 2812 2278 3226
rect 3500 3647 5518 2636 1705 2194 2715 2079 2520
rect 2991 5851 6678 3513 2871 2789 3973 3161 3111
rect 3998 1911 5437 3200 2243 3078 3353 3007 3372
rect 2152 2883 5290 2268 1971 2449 2753 2444 2818
rect 927 7133 2907 1504 3741 3103 2470 4314 3551
rect 3117 3298 5041 2948 1919 1769 3194 2185 2088
rect 3158 2307 5604 2217 2294 2694 2422 2834 2963
rect 2837 3808 4870 2700 1991 1957 2870 2256 2222
rect 957 5415 4322 453 2842 2221 1044 3010 2427
rect 4422 3626 6886 2624 2243 1852 2875 2361 2115
rect 3720 2621 7339 3841 2511 2714 4014 3087 3094
rect 3485 2732 5893 2604 1229 2022 2738 1593 2447
rect 4022 4547 5148 2692 2733 3037 2891 2986 3274
rect 4157 2728 6201 2358 1999 2239 2545 2405 2395
rect 3409 3330 4872 2305 1903 2369 2517 2113 2597
rect 1960 6005 3809 2166 2159 2690 2863 2510 3028
rect 2664 3638 3333 2867 2437 2461 3397 2716 2853
rect 6206 3378 5954 3383 2664 3170 3799 3072 3449
rect 4698 5824 3727 3215 1768 2377 3445 2006 2711
rect 4669 1415 6223 3709 1122 2797 3791 1341 3048
rect 3763 1944 6059 3394 1845 3093 3619 2276 3337
rect 2848 3921 4414 2652 2759 2570 2921 3108 2844
rect 4250 3219 5824 2554 2193 2189 2726 2356 2411
rect 2516 4267 5320 1997 2400 2714 2294 2694 2907
rect 4157 5979 5534 2808 2617 2772 3131 3015 2995
rect 1889 2146 5554 2124 2311 2553 2888 2694 2754
rect 4930 4591 5368 2579 3839 1559 2891 3987 1820
rect 3164 3687 6045 2536 2537 2325 2764 2741 2597
rect 4359 1768 4939 2783 1380 3281 3029 1765 3568
rect 3355 3495 4993 1303 2531 2756 1477 3048 3031
rect 4555 6756 5315 2314 2146 2719 2623 2617 2978
rect 3102 4464 4749 2372 2394 3332 2551 2821 3515
rect 5513 3265 5772 2601 1865 2318 3112 2188 2601
rect 3404 3401 5529 2664 1517 1434 2709 1639 1647
rect 3771 2190 5288 2777 2490 2825 3057 3175 3167
rect 1791 3434 5930 1897 1958 2555 2608 2289 2796
rect 2506 4137 5022 2119 2532 2741 2344 2911 2961
rect 3798 6712 2946 2840 2258 2328 2921 2644 2994
rect 2737 4080 4493 2515 3016 2316 3079 3304 2732
rect 3476 876 6204 2453 1027 3052 2583 1490 3206
rect 3972 4779 4475 2629 2673 2336 2779 3057 2751
rect 3639 2005 6003 2700 1892 2500 2879 2089 2784
rect 3797 3038 4486 2988 1928 2211 3156 2311 2503
rect 3694 5667 5938 2514 2446 2803 2615 2745 3044
rect 3261 3470 5454 2148 2406 2951 2347 2760 3257
rect 4530 2279 6639 1422 2820 3306 1659 3440 3638
rect 3393 4767 5248 2595 3032 2633 2762 3307 2951
rect 2840 4185 4794 3044 2143 2149 3307 2449 2459
rect 3329 5169 6070 2813 2178 2408 2897 2505 2832
rect 1704 6520 5740 2663 3352 1987 3494 3683 2270
rect 1837 2004 6053 2256 2050 3422 3081 2332 3610
rect 2809 1014 7451 3491 1101 2669 3823 1438 2882
rect 2347 4704 5935 2247 2070 2941 2654 2484 3205
rect 1283 3449 7080 1615 3069 2869 2414 3303 3219
rect 1055 4707 3782 1098 1449 2493 2063 1996 2895
rect 5790 3483 5243 630 1778 2701 1198 2119 3044
rect 4275 2590 6577 2347 1967 2459 2564 2336 2742
rect 4049 3109 6750 3175 2235 2212 3374 2384 2512
rect 2958 2817 5994 2406 2003 2925 2590 2266 3194
rect 3545 4027 5543 2285 3016 3374 2456 3437 3625
rect 4814 4517 5168 2187 2372 2130 2536 2667 2507
rect 4357 1333 6862 2370 1695 2144 2715 2381 2483
rect 4501 1727 4810 2687 1489 1643 2920 1856 1908
rect 2721 3760 5876 3654 2067 2021 4148 2301 2261
rect 3946 2392 7344 2759 2080 2328 2856 2486 2765
rect 3198 1593 6443 2802 1715 2779 3118 2035 2982
rect 803 7287 3482 849 1699 2815 1689 2103 3108
rect 2143 2333 5210 2468 1897 2426 3085 2249 2682
rect 934 5154 5540 1598 1713 1651 2657 2076 1976
rect 3903 3088 5772 2148 2006 2050 2340 2293 2284
rect 2305 2813 5551 3447 1891 2438 4144 2379 2724
rect 3558 1039 5351 2512 783 2734 2635 1173 3037
rect 5037 2354 6411 2298 2209 3400 2551 2825 3639
rect 3489 3185 6130 2551 1881 2690 2733 2022 2985
rect 3325 3729 5323 2373 2363 1721 2465 2585 2086
rect 4834 2199 5976 1776 1949 3158 2056 2471 3375
rect 3471 3996 7323 2219 2182 2368 2262 2353 2860
rect 4824 2683 3332 3397 1709 1617 3659 2106 1832
rect 1482 4854 3857 1914 1791 2711 2659 2241 3013
rect 3876 4873 4815 2930 1993 2633 3086 2303 2853
rect 3900 1832 6582 3255 1553 2366 3435 2210 2586
rect 3488 920 4606 2864 894 2983 3041 1165 3418
rect 2434 1839 5488 2141 2545 3377 2544 3152 3613
rect 2615 4753 4411 2854 2692 1819 3188 3009 2128
rect 4569 1159 5932 2658 753 2687 2881 980 2857
rect 3721 2277 6021 2119 1513 3329 2275 1995 3502
rect 3970 3393 6368 2103 1797 2553 2214 1946 2730
rect 3394 3298 6352 2430 1926 1941 2618 2133 2170
rect 3469 3015 5701 1974 2297 2130 2104 2596 2304
rect 32 11 3830 496 282 2877 1264 867 3164
rect 3191 3641 5121 2168 1916 2875 2328 2123 3090
rect 4869 2958 6896 2229 2313 2270 2595 2933 2671
rect 3368 2386 5946 1877 1339 3128 1995 1919 3323
rect 2155 3126 6767 2287 2546 3387 2588 2873 3759
rect 4060 1701 5457 2870 1040 2432 3112 1245 2645
rect 3748 5179 6706 2266 1888 2288 2310 2152 2760
rect 3524 1882 5280 2422 1831 3451 2595 2543 3577
rect 3043 1793 5675 1977 1930 2643 2282 2468 2918
rect 2877 1909 5227 2748 2072 2502 3032 2565 2746
rect 3299 1426 5243 2187 1066 1625 2373 1390 1911
rect 3673 2379 6560 1907 2007 3195 2087 2374 3361
rect 2734 6337 4398 2647 3321 3344 2802 3790 3566
rect 4260 4119 5596 2167 3120 2231 2407 3210 2592
rect 862 8525 4025 1057 1512 2240 1848 1898 2569
rect 3498 1395 5583 2905 1170 2825 3138 1554 3135
rect 3370 3360 6557 2396 1869 2350 2460 2049 2722
rect 2980 5956 6714 2357 2403 2304 2476 2599 2863
rect 3369 3760 5477 2630 2305 3138 2802 2699 3373
rect 1159 5529 3741 1692 3284 2971 2701 3670 3267
rect 3935 1076 5010 2810 1082 2874 2965 1719 3118
rect 4079 3591 4767 2549 3030 2416 2714 3290 2744
rect 3811 3175 5557 2186 2264 1866 2385 2602 2091
rect 2916 3833 4959 2433 2433 2374 2607 2705 2581
rect 5166 1921 4673 2761 2013 2764 3071 2508 3187
rect 2732 2287 4833 1600 1802 2626 1855 2419 3001
rect 2992 3077 6152 2375 1670 2006 2462 2160 2468
rect 1137 3522 5956 1234 1585 1995 2237 1887 2330
rect 3735 2093 4232 2865 1700 2606 3072 2160 2907
rect 3148 3694 6074 2444 2132 3024 2542 2402 3243
rect 2163 4202 5547 2145 2700 2418 2666 3006 2664
rect 2751 1706 4739 2572 1546 2315 2996 2017 2670
rect 1942 3550 6560 2087 2729 3409 2849 3193 3792
rect 2906 2481 5461 2753 1844 2575 3054 2205 2857
rect 2762 2987 5788 2760 2649 3523 3077 3287 3816
rect 3723 1996 6499 3317 1182 2207 3471 1670 2497
rect 2238 5106 6232 2223 2276 2224 2572 2507 2629
rect 3909 5069 7550 2908 2572 2674 3085 2766 3048
rect 4304 2106 5135 3033 1913 2969 3265 2571 3161
rect 1733 4397 4301 1475 1922 2885 2261 2249 3206
rect 2739 3834 4648 2019 2039 2733 2272 2329 2945
rect 2126 1537 6056 2342 1720 2386 2985 2484 2787
rect 1504 3901 5853 1058 1707 2382 1789 2011 2679
rect 3748 3269 3522 2870 2615 2325 2984 2995 2809
rect 3590 5173 3090 1812 2224 2132 2205 2655 2352
rect 2007 3606 5205 2458 2355 2501 3096 2757 2684
rect 3278 2878 6256 3512 2941 3013 3895 3258 3144
rect 1729 3373 4488 1967 1924 1998 2754 2402 2304
rect 1829 4240 3658 1477 2596 2639 2167 2982 2997
rect 3247 3699 5648 3699 2463 2382 4014 2856 2680
rect 2785 4553 4692 1566 2501 2821 1978 2877 3098
rect 1915 2846 6267 2062 1910 2445 2609 2243 2740
rect 5720 1714 6086 2805 2230 3101 3188 2620 3299
rect 3762 1389 6885 2646 1790 2648 2813 2371 2989
rect 2684 1807 6418 2673 1632 2984 3106 2001 3270
rect 8179 2581 3381 2554 1470 1923 3527 2007 2262
rect 3748 1307 4454 3068 1517 2187 3245 2192 2390
rect 2042 5119 5055 2427 2585 2774 3252 2940 3063
rect 1520 1491 6708 2133 2189 2606 2785 2662 2830
rect 1326 3373 5811 1828 1756 2168 2729 2272 2474
rect 2049 2889 6049 2489 1845 2166 3157 2350 2417
rect 3809 4072 4813 1375 2041 2997 1698 2270 3272
rect 1432 1998 5602 1538 1827 2404 2213 2563 2769
rect 1657 5221 4498 2159 3143 2416 3023 3378 2683
rect 2328 1529 6163 1653 1158 2122 2393 1628 2401
rect 1278 1463 7303 2455 1953 3077 3306 2313 3276
rect 2278 928 5398 1262 1446 2609 1836 2326 2860
rect 3013 2012 6069 3604 1554 2195 3949 2212 2499
rect 2724 3553 5008 2810 3451 2784 3233 3720 2919
rect 2366 3175 7462 2500 2157 2581 3026 2664 2974
rect 3571 4132 3691 1829 2372 2843 2204 2639 3256
rect 3050 2718 4962 3276 1961 2133 3593 2666 2384
rect 1819 3282 5710 1719 1486 1457 2460 2079 1869
rect 4001 1999 5630 2872 1719 2196 3159 2110 2448
rect 2036 4296 6952 1567 2689 2496 2346 3009 2736
rect 2935 3158 5896 1668 1591 1787 2152 2015 2079
rect 1778 4119 3257 1929 3148 3067 2647 3465 3462
rect 2359 1856 4699 3009 2353 2729 3566 3204 2949
rect 1837 1919 6703 1957 2243 1781 2551 2748 2084
rect 1472 5189 4986 1576 2217 2638 2423 2573 2947
rect 2895 1460 4611 2586 1933 1929 2935 2715 2252
rect 1858 2581 5393 1961 1616 2056 2622 1962 2379
rect 3831 4615 4745 2622 1938 2189 3027 2297 2544
rect 4473 5780 4442 2955 2892 3505 3307 3245 3692
rect 2220 1955 5649 3376 1637 2347 3996 2277 2649
rect 3921 2042 5131 2365 2195 2685 2637 2858 2952
rect 4659 1992 4686 1768 1729 1630 2014 2109 1939
rect 1560 2774 4561 1945 2004 1776 2810 2603 2115
rect 2179 5926 4568 1352 2154 2787 1708 2552 3075
rect 3074 1950 5291 3919 1967 2672 4223 2522 3075
rect 3467 1153 6290 2872 1461 2571 3086 2072 2849
rect 4068 5525 3074 1593 2454 1797 2007 2861 2210
rect 3884 2907 5323 1871 1477 1977 2247 1735 2227
rect 3388 1750 6740 3005 2581 2339 3274 3427 2796
rect 1879 5447 4862 1283 2097 1369 2097 2495 1625
rect 1353 2244 6942 1725 2753 3111 2270 2990 3295
rect 2061 5898 5280 1531 2327 2382 2405 2588 2654
rect 3247 3724 4791 2544 3478 3537 2918 3791 3817
rect 4371 3708 5698 2267 2183 2115 2452 2576 2438
rect 3104 5750 4972 1244 2791 2357 1815 3099 2700
rect 1122 1839 7028 1141 1535 1608 1923 2372 2138
rect 1618 2529 6459 2779 2518 3200 3721 2679 3307
rect 4301 5240 4085 3118 1750 2424 3355 2117 2731
rect 4199 5982 3475 2962 2249 2317 3198 2616 2715
rect 5295 2309 4369 2518 3069 2876 2893 3720 3147
rect 2843 5733 3318 2388 2304 2112 3021 2629 2564
rect 2899 3928 5815 1445 1439 1349 1788 1679 1624
rect 1018 3530 6497 1064 1055 1799 2060 1355 2096
rect 1897 2945 4673 2015 1907 2637 2729 2428 2944
rect 2760 6470 4169 2503 3061 2309 3116 3321 2677
rect 3692 1273 4121 2618 1586 1384 2851 2255 1717
rect 1667 2731 6407 1776 1954 2603 2656 2514 2862
rect 3144 920 6184 1799 1643 2372 2116 2605 2825
rect 917 4167 4149 666 1906 2864 1157 2178 3050
rect 1732 3093 5606 1627 2340 2733 2371 2895 3036
rect 3607 1886 4617 1139 1218 2067 1303 1598 2268
rect 2010 2636 4455 2756 1584 2000 3477 1993 2353
rect 2309 4672 3808 1520 2364 1827 2137 2693 2110
rect 3581 3975 4876 3189 2457 2703 3522 2905 2998
rect 3040 2155 6490 3047 1522 2899 3397 2104 3102
rect 4499 3230 6150 3559 2707 2606 3702 3174 2849
rect 3706 4726 4654 2901 2090 1840 3172 2386 2155
rect 4487 3386 2772 1650 1402 1462 1956 1764 2024
rect 2068 3312 6797 2056 1541 2875 2440 1851 3245
rect 2424 3140 4292 2782 2336 2357 3249 2902 2633
rect 2218 5206 4296 1500 2281 2493 2332 2544 2705
rect 2305 3380 4753 2841 2935 1990 3547 3319 2280
rect 2144 5454 4249 2102 3544 3623 2720 3841 3933
rect 3328 4707 5387 2383 2723 2607 2892 3037 2882
rect 4161 5002 6162 1436 2149 2586 1736 2568 2799
rect 2274 2002 5200 2726 1718 2474 3323 2476 2706
rect 2261 2266 5810 2763 1527 2571 3347 1971 2832
rect 1408 1792 5221 2485 2913 4027 3223 3559 4203
rect 4833 3399 5875 3003 1590 2490 3357 1744 2708
rect 3508 5757 5829 3080 2462 2215 3528 2774 2480
rect 4506 3785 4721 3834 2553 2523 3948 2976 2829
rect 3923 1557 4899 2958 1936 2422 3210 2617 2722
rect 4517 2546 6339 3039 2509 3284 3219 2792 3370
rect 2076 1032 5374 1818 1147 2403 2319 1570 2699
rect 1721 3005 6480 1824 2414 2798 2696 2935 3059
rect 1149 4361 5533 1070 2090 2376 2002 2553 2721
rect 4152 1281 5886 3511 962 1316 3761 1254 1547
rect 7190 1806 6953 990 1127 2298 1541 1784 2729
rect 2381 2379 3708 2491 1627 2380 2998 2009 2736
rect 1920 4786 5201 2175 2240 2609 3027 2595 2887
rect 4316 1189 5137 3351 1209 2093 3569 1872 2458
rect 3402 5258 4731 1938 2557 2351 2467 2884 2761
rect 2513 6299 5875 1649 2498 1985 2307 2754 2236
rect 3444 3477 7210 2496 2846 2918 2849 3243 3297
rect 5536 3488 3937 2474 1483 1968 2759 1739 2325
rect 2878 3069 5035 3214 2266 2706 3533 2606 2953
rect 2061 1613 6682 2873 1080 2108 3475 1393 2430
rect 3917 3463 4250 1851 1880 2671 2148 2196 2991
rect 4561 1042 6464 3439 1114 2208 3661 1658 2650
rect 2158 2812 5210 2056 1788 2144 2754 2194 2468
rect 2615 3558 4463 3256 1682 2425 3608 2096 2719
rect 4240 3343 2768 1525 1194 1338 1936 1527 1854
rect 3109 5169 5028 2881 3358 3125 3340 3547 3400
rect 2901 3218 5942 1721 1815 1888 2215 2267 2183
rect 1474 5467 5845 1798 2706 2194 2694 2992 2498
rect 2503 1956 4463 2340 1801 2743 2982 2334 3089
rect 2764 3982 4666 1779 2189 1863 2298 2648 2208
rect 5575 2729 5187 1199 780 2099 1481 993 2407
rect 2555 2311 6090 2253 1950 2077 2682 2280 2362
rect 5282 2391 7043 3109 2684 3158 3442 3212 3387
rect 2429 3889 3959 1416 1837 1946 2060 2168 2319
rect 1522 3113 4788 1469 2101 1968 2340 2538 2242
rect 3092 5034 4986 1936 2130 1700 2342 2449 1995
rect 3433 1473 3563 3296 1364 2299 3559 1839 2657
rect 994 2557 6886 1951 1942 2389 3091 2637 2800
rect 4024 4715 4971 2205 1877 2141 2583 2230 2370
rect 3739 4534 7033 2496 2826 2565 2885 3248 2973
rect 2764 2310 4870 1673 1361 1766 2108 1960 2092
rect 1481 3837 4524 1269 1069 1635 2125 1469 2022
rect 3617 1881 6270 2853 2071 2642 3115 2468 2885
rect 2455 7183 2518 1868 2315 2277 2503 2678 2573
rect 2588 5828 4785 2525 2008 2031 3264 2390 2306
rect 1089 5246 4675 2047 2846 3340 3123 3248 3497
rect 1642 2746 6153 1896 1875 2398 2671 2482 2758
rect 2912 1576 5060 3087 1831 1941 3488 2315 2333
rect 3009 797 6061 2807 791 1668 3240 1117 1849
rect 3696 1811 4857 2772 1751 1993 3000 2362 2300
rect 4363 2301 6390 3546 2469 3424 3688 3007 3693
rect 1833 1657 4950 1683 1599 1936 2247 2333 2291
rect 3306 6186 5016 1708 2122 1856 2337 2535 2265
rect 2066 3792 6779 1838 2346 2174 2551 2763 2527
rect 3429 2310 5505 3024 2586 2504 3259 3277 2747
rect 3859 2360 5399 2760 2219 2622 2967 2723 2853
rect 4151 2526 4144 3131 1773 2315 3320 2049 2841
rect 2123 2707 5088 1992 1777 2094 2677 2216 2427
rect 2799 2023 5307 2756 2008 3182 3220 2609 3348
rect 2493 2086 7019 2393 2340 2950 2892 2872 3280
rect 1312 3085 5502 2049 1755 1888 3014 2259 2188
rect 1162 4444 4663 1389 2120 1952 2278 2580 2263
rect 4193 1587 6075 2877 1648 2800 3066 2118 3036
rect 2853 5830 3722 2511 2425 2722 3173 2797 3014
rect 3204 6396 3438 1184 2265 2491 1517 2576 2788
rect 2177 3368 5718 1926 3262 2948 2493 3708 3245
rect 1283 4268 6278 1464 1735 2152 2366 2226 2535
rect 2234 3145 5193 3548 1547 1951 4237 1949 2250
rect 1982 6868 4033 2967 3080 3205 3700 3407 3606
rect 1715 4130 2663 2192 3100 2126 2904 3538 2429
rect 3924 1991 4887 2433 2369 2648 2741 3078 2905
rect 2069 3265 5017 1550 1549 1623 2220 1932 1869
rect 3310 4785 4317 1909 1963 1752 2405 2318 2085
rect 1854 3763 4897 1753 1548 2028 2251 1989 2433
rect 2893 4917 5219 1477 1927 1680 2080 2302 2060
rect 2178 3290 5492 2647 2589 2530 3379 3180 2859
rect 3412 4186 4151 2196 2412 2804 2625 2887 3092
rect 3796 1537 5204 2775 2485 1919 2991 3376 2247
rect 2028 3954 3856 1663 1313 1645 2472 1693 2048
rect 4714 1435 4249 2843 1476 2504 3106 1887 2746
rect 1909 2850 2858 2815 1467 1476 3599 1738 1801
rect 2483 2155 5683 3086 1734 2319 3616 2131 2567
rect 3791 1569 5482 2928 2022 1930 3183 2682 2258
rect 1916 5423 4199 2337 2262 2112 3202 2609 2425
rect 3717 1362 5434 3213 1647 2379 3383 2217 2604
rect 2220 7164 4517 1342 1947 1888 2102 2343 2145
rect 2540 7030 2568 2015 2432 2214 2624 2751 2503
rect 1697 4870 5547 1194 1926 2239 1877 2245 2468
rect 2140 4947 3560 2463 1842 3049 3319 2216 3476
rect 2660 5960 4346 1125 2126 1869 1799 2446 2238
rect 1983 1998 4886 2178 1489 2569 2873 1936 2789
rect 2580 4546 5758 1964 2517 2147 2778 2789 2396
rect 3554 1810 4956 2201 1513 2249 2577 1854 2473
rect 1654 2650 5856 1872 1848 2005 2664 2337 2329
rect 2596 5140 3749 1638 2452 2298 2232 2839 2566
rect 2699 1957 6030 1475 1894 2019 1900 2649 2424
rect 3074 5624 5753 2490 2275 2279 3009 2578 2567
rect 2759 1639 4965 2662 1704 2345 3057 2263 2621
rect 2005 4035 4436 2257 1991 2288 3092 2330 2581
rect 1542 3355 6462 1745 1120 1697 2670 1335 1920
rect 1614 3084 5608 2050 1894 2567 2941 2233 2835
rect 2823 2529 5870 2740 1976 2555 3126 2497 2853
rect 3650 4374 5188 2659 1974 2128 3060 2295 2400
rect 1987 2014 5559 2381 1749 2759 3105 2308 2972
rect 3277 5329 4276 2699 2534 2336 3334 2821 2669
rect 3142 4655 5450 1482 1618 1663 2085 2020 2011
rect 1235 2064 7072 1315 1495 2625 2227 2103 3151
rect 1421 3669 5795 1164 1336 2392 1919 1746 2694
rect 2518 2088 5900 3264 2139 3051 3811 2761 3300
rect 1798 4114 4312 1609 2531 1987 2349 2930 2264
rect 2028 2007 6871 2260 1657 3002 2916 2110 3230
rect 3729 1397 5461 2512 1850 2708 2760 2485 2948
rect 2715 2708 4439 2927 1545 2580 3389 1857 2838
rect 1384 3173 5468 1399 1618 2263 2173 1925 2526
rect 1686 6256 5493 788 2201 2716 1244 2499 2885
rect 2510 1215 1123 3708 2081 1876 4056 2749 2619
rect 2784 1773 6324 1572 1724 2077 1951 2452 2538
rect 1995 4564 4623 2164 2153 2502 2987 2511 2809
rect 1618 2822 5156 1995 1491 2347 2774 1808 2612
rect 2189 7623 6791 1252 3034 2239 1864 3506 2573
rect 1823 2971 4978 2542 1986 2221 3448 2681 2553
rect 1886 3990 4327 1061 2132 2166 1657 2484 2514
rect 2904 5267 5979 1679 2365 1851 2257 2696 2204
rect 3550 5836 2442 2483 2819 1991 2939 3116 2422
rect 4070 5194 3091 1345 2004 1779 1786 2490 2091
rect 4193 1387 3547 3099 1323 1145 3297 1688 1521
rect 4338 2756 3277 3574 2094 2252 3667 2670 2698
rect 3636 1213 5307 3468 1301 1523 3690 1814 1820
rect 1377 5114 4860 1875 2230 2695 2729 2520 2933
rect 3692 4440 3392 2617 2275 2963 2863 2628 3364
rect 3559 3127 5116 1280 1618 1709 1825 1837 1979
rect 3132 5212 4255 2552 1996 2214 3000 2390 2544
rect 2567 2145 4159 2881 1932 2059 3334 2638 2412
rect 2717 4246 6063 1817 1921 3077 2417 2241 3292
rect 2177 2021 6284 2480 1506 1838 3059 1871 2044
rect 2046 4111 5889 3417 2177 2811 4216 2614 3094
rect 1970 4789 6722 402 2481 2721 516 2838 2973
rect 1066 4058 5153 1561 1797 2611 2455 2138 2849
rect 2189 3881 3900 2363 2436 2690 2863 2841 3053
rect 1492 3807 5739 1822 1665 2232 2764 2071 2471
rect 2439 2637 6156 2851 2149 2613 3403 2637 2955
rect 1892 2113 4023 1941 1790 2562 2738 2460 2812
rect 1385 3618 5504 1980 1851 3225 2940 2341 3409
rect 2705 4555 5444 2793 1783 1960 3525 2148 2359
rect 2664 4581 4531 1645 2057 1729 2349 2437 2090
rect 3968 3074 6445 3157 2320 1821 3369 2610 2099
